     0/499     11.8G   0.06388    0.0119   0.02777    0.1036         6       640   0.09822 0.0004454   0.01647  0.003266   0.05671   0.01258   0.01717
     1/499     13.9G   0.05234  0.009951   0.02324   0.08552        10       640 5.615e-05  0.006613 2.087e-06 2.933e-07   0.08669   0.04627    0.2326
     2/499     13.9G   0.04995  0.007603   0.02238   0.07993        15       640    0.3376    0.6354     0.207   0.06984    0.0373    0.0103   0.01773
     3/499     13.9G   0.04267  0.006085   0.02073   0.06948        11       640    0.6398   0.04946   0.02891   0.01069   0.05869  0.009606   0.01952
     4/499     13.9G   0.03697  0.005597   0.02132   0.06388        10       640    0.3937    0.7829    0.2162    0.1445   0.02909  0.007567    0.0176
     5/499     13.9G   0.03285  0.005801   0.02159   0.06024        22       640    0.3943    0.6677    0.2189    0.1444   0.03023  0.007564   0.01755
     6/499     13.9G   0.02915  0.005815   0.02148   0.05645        13       640    0.3946    0.7853    0.2196    0.1658   0.02399    0.0072   0.01756
     7/499     13.9G    0.0286  0.005739   0.02135    0.0557        21       640    0.9538   0.01782   0.01956  0.009972   0.05879    0.0107   0.01912
     8/499     13.9G   0.02764  0.005766    0.0219    0.0553        11       640    0.3974    0.7833    0.2208    0.1667   0.02071   0.00729   0.01806
     9/499     13.9G   0.02682  0.005651   0.02141   0.05388        16       640    0.4013    0.7258    0.2162    0.1628   0.02114  0.007122   0.01804
    10/499     13.9G   0.02498  0.005696   0.02153   0.05221        24       640    0.3992    0.7772    0.2193    0.1638   0.02131  0.007248   0.01797
    11/499     13.9G   0.02472  0.005765   0.02135   0.05184        13       640    0.3135    0.5968    0.1921    0.1199   0.02269   0.01267   0.01804
    12/499     13.9G   0.02492   0.00572   0.02161   0.05225        13       640    0.3352     0.688    0.2182    0.1392   0.02113   0.01011   0.01786
    13/499     13.9G   0.02387  0.005817   0.02121   0.05089        13       640    0.3163    0.7081    0.2169     0.149   0.02353   0.01359   0.01761
    14/499     13.9G   0.02337   0.00571     0.021   0.05008         9       640    0.3191    0.6441    0.2206    0.1435   0.02361   0.01189   0.01768
    15/499     13.9G   0.02352   0.00583   0.02141   0.05077        20       640    0.3965    0.7775    0.2211    0.1571   0.01644  0.007684   0.01786
    16/499     13.9G   0.02346  0.005741   0.02118   0.05038        16       640    0.3849    0.7375    0.2165    0.1542   0.01568  0.008006   0.01794
    17/499     13.9G   0.02269  0.005766   0.02098   0.04944        15       640    0.3973    0.7817     0.218    0.1632   0.01522  0.007953   0.01793
    18/499     13.9G   0.02196  0.005731   0.02092   0.04862        13       640    0.3966    0.7739    0.2168    0.1611    0.0138   0.00771   0.01783
    19/499     13.9G   0.02243  0.005688   0.02129    0.0494        12       640    0.3952    0.7842    0.2203    0.1656   0.01626  0.007361   0.01782
    20/499     13.9G   0.02177  0.005653   0.02152   0.04893        16       640    0.3672    0.7591    0.2193    0.1565    0.0152  0.008506    0.0178
    21/499     13.9G   0.02187  0.005583   0.02077   0.04823        15       640    0.3963     0.782    0.2208     0.167   0.01421   0.00763   0.01798
    22/499     13.9G   0.02102  0.005562   0.02118   0.04776        11       640    0.3746    0.7683     0.215    0.1554     0.016  0.007791   0.01803
    23/499     13.9G   0.02163  0.005708   0.02153   0.04886        16       640    0.3458    0.6095    0.2227    0.1525   0.01686  0.009103   0.01795
    24/499     13.9G   0.02088  0.005622   0.02149   0.04799        16       640    0.3955    0.7853    0.2136    0.1673   0.01258  0.007584   0.01778
    25/499     13.9G   0.02159  0.005359   0.02154   0.04848         9       640     0.397      0.78    0.2359    0.1932   0.01528   0.00708   0.01804
    26/499     13.9G   0.02055  0.005478   0.02147   0.04749         6       640    0.3957    0.7859    0.2229    0.1777   0.01267  0.007512   0.01812
    27/499     13.9G   0.02068  0.005474   0.02169   0.04784        12       640    0.3968    0.7596    0.2166    0.1658   0.01365  0.007306    0.0181
    28/499     13.9G   0.02021  0.005444   0.02149   0.04715        18       640    0.3443    0.7021    0.2274      0.16   0.01563  0.008962   0.01808
    29/499     13.9G   0.02053  0.005443   0.02148   0.04746        19       640    0.3944    0.7876    0.2226    0.1843   0.01247  0.007146    0.0181
    30/499     13.9G   0.02009  0.005442   0.02149   0.04702        14       640    0.3965    0.6922    0.2187    0.1741   0.01279  0.007427   0.01829
    31/499     13.9G   0.02006  0.005351   0.02176   0.04717        12       640    0.3976    0.7569    0.2149    0.1662   0.01298  0.007197    0.0182
    32/499     13.9G   0.02031  0.005264   0.02136   0.04693        11       640    0.4031    0.6834     0.224    0.1577   0.01375  0.007473   0.01825
    33/499     13.9G   0.01984  0.005246    0.0215   0.04659        15       640    0.3966    0.7742    0.2285    0.1841   0.01188  0.007138   0.01819
    34/499     13.9G   0.01989  0.005229   0.02158    0.0467        16       640    0.4011    0.6859    0.2191    0.1671   0.01248  0.007152   0.01824
    35/499     13.9G   0.01915  0.005281   0.02139   0.04582        17       640    0.3841    0.7221    0.2158    0.1624   0.01326  0.007557   0.01832
    36/499     13.9G   0.01879  0.005269   0.02112   0.04518        14       640    0.4017    0.6565    0.2085     0.155   0.01208  0.007343   0.01859
    37/499     13.9G   0.01911    0.0052   0.02125   0.04556        18       640    0.3904    0.7809    0.2501     0.199   0.01248  0.007275   0.01817
    38/499     13.9G   0.01891  0.005276   0.02108   0.04526         8       640    0.4191    0.6622    0.2796    0.2232   0.01058  0.006561   0.01866
    39/499     13.9G    0.0194  0.005499   0.02115   0.04604        20       640    0.3961    0.7765    0.2257    0.1784    0.0105   0.00685   0.01896
    40/499     13.9G   0.01927  0.005584    0.0212   0.04605        12       640    0.3879    0.7139    0.2094    0.1513   0.01172  0.007077   0.01971
    41/499     13.9G    0.0187  0.005902   0.02027   0.04488        11       640    0.3986    0.7291      0.23    0.1845   0.01046  0.005468   0.02084
    42/499     13.9G    0.0189  0.005883   0.01968   0.04446        25       640     0.411    0.6848    0.3098    0.2498   0.00925   0.00518    0.0211
    43/499     13.9G   0.01841  0.005749   0.01932   0.04348        12       640    0.3674    0.6265    0.2163    0.1555   0.01128  0.007014   0.02204
    44/499     13.9G   0.01855  0.005927   0.01923   0.04371        12       640    0.3958     0.781    0.2386    0.1913   0.00926  0.005536   0.02255
    45/499     13.9G   0.01841  0.005844   0.01909   0.04334        12       640    0.4277    0.6494    0.3181    0.2596  0.008442  0.004995   0.02245
    46/499     13.9G   0.01785  0.005797   0.01863   0.04228        14       640    0.4258    0.6694     0.313    0.2454  0.008392  0.004982   0.02255
    47/499     13.9G    0.0181   0.00592   0.01878    0.0428        16       640    0.4443    0.6008    0.3252     0.259  0.008815   0.00505    0.0227
    48/499     13.9G   0.01816   0.00598   0.01861   0.04275        10       640    0.3902    0.7263    0.2166    0.1645   0.01027  0.006108   0.02357
    49/499     13.9G   0.01784  0.005921   0.01869   0.04245        13       640    0.4249    0.6989    0.3233    0.2603  0.008408  0.005049    0.0232
    50/499     13.9G   0.01761  0.005856   0.01872   0.04219        16       640    0.4748    0.5265    0.3119    0.2413  0.008542  0.005255   0.02346
    51/499     13.9G   0.01799  0.005967   0.01822   0.04218        24       640     0.404    0.7572    0.2801    0.2122  0.009217  0.005537   0.02328
    52/499     13.9G   0.01756  0.005798   0.01828   0.04163        13       640    0.3664    0.6949    0.2145    0.1533    0.0103  0.006427   0.02457
    53/499     13.9G   0.01748  0.006031   0.01832   0.04183        20       640    0.4115    0.6552     0.271    0.1961   0.00933  0.005699   0.02481
    54/499     13.9G   0.01708   0.00581   0.01832   0.04121        16       640    0.5145    0.5138    0.3847    0.2929  0.008346  0.004731    0.0236
    55/499     13.9G   0.01719  0.005798    0.0182   0.04118        12       640    0.4618    0.5492    0.3373    0.2727  0.008214  0.004826   0.02412
    56/499     13.9G   0.01709  0.005736    0.0181   0.04093        15       640    0.3963    0.7843    0.2215      0.17  0.009538  0.006184   0.02571
    57/499     13.9G   0.01747  0.005843   0.01795   0.04126         8       640    0.5216    0.5155    0.4049    0.3141  0.007781  0.004683   0.02429
    58/499     13.9G   0.01656  0.005747   0.01791   0.04022        16       640    0.4909    0.5329    0.3685    0.2784  0.008514  0.005095   0.02427
    59/499     13.9G   0.01695   0.00574   0.01794   0.04063        17       640    0.5485    0.4864    0.3996    0.3064  0.008003   0.00475   0.02365
    60/499     13.9G   0.01718   0.00574   0.01806   0.04097        13       640    0.4696    0.5041    0.3337    0.2512  0.009184  0.005075   0.02359
    61/499     13.9G   0.01682  0.005813   0.01788   0.04051        14       640     0.542    0.5014    0.4119    0.3172   0.00771  0.004624   0.02408
    62/499     13.9G   0.01696  0.005805   0.01795   0.04072        28       640    0.5573     0.479    0.3884    0.2998   0.00815  0.004774   0.02415
    63/499     13.9G   0.01669  0.005689   0.01771   0.04009        15       640    0.5676    0.5117    0.4327    0.3309  0.007968  0.004728   0.02449
    64/499     13.9G   0.01657  0.005665   0.01769   0.03993         9       640    0.4215    0.6568    0.3102    0.2239    0.0088  0.005372   0.02526
    65/499     13.9G   0.01664  0.005593   0.01761   0.03984        17       640     0.538    0.5474     0.453    0.3491  0.007686  0.004594   0.02433
    66/499     13.9G   0.01649  0.005609   0.01756   0.03965        18       640    0.5047    0.5998    0.4001    0.3146  0.007883  0.004551   0.02385
    67/499     13.9G   0.01681  0.005727   0.01749   0.04003        14       640    0.5833    0.5267    0.4623    0.3555   0.00756  0.004427     0.024
    68/499     13.9G   0.01666   0.00568    0.0175   0.03983        16       640    0.4685    0.5671    0.3826     0.291  0.008366  0.005116   0.02423
    69/499     13.9G   0.01662  0.005585    0.0174   0.03961        11       640    0.5547    0.5732    0.4645    0.3682  0.007223  0.004244   0.02336
    70/499     13.9G   0.01647  0.005486   0.01692   0.03888        24       640    0.5051    0.6193    0.4146     0.321  0.009058  0.004971   0.02311
    71/499     13.9G   0.01627  0.005624   0.01691    0.0388        13       640    0.5463    0.5797    0.4668    0.3716  0.007623  0.004461   0.02266
    72/499     13.9G   0.01617  0.005539   0.01691   0.03862        14       640    0.5646    0.5741     0.491    0.3723  0.008307  0.004782   0.02286
    73/499     13.9G    0.0164  0.005455   0.01667   0.03852        19       640    0.5757     0.631    0.5385    0.4292  0.007455   0.00447    0.0221
    74/499     13.9G   0.01621  0.005533   0.01683   0.03857         9       640    0.5055    0.6474    0.4633    0.3579  0.009401  0.005138   0.02335
    75/499     13.9G   0.01651    0.0054   0.01623   0.03814        14       640    0.6379    0.6256    0.5902    0.4707  0.007457  0.004296   0.02106
    76/499     13.9G   0.01639    0.0053   0.01623   0.03793        20       640     0.639    0.6554    0.5913    0.4824  0.007342  0.004414   0.02118
    77/499     13.9G   0.01622  0.005444   0.01622   0.03789        17       640    0.7269    0.5808    0.6151    0.4966  0.007278  0.004416   0.02092
    78/499     13.9G   0.01623  0.005371   0.01597   0.03757        11       640    0.6945    0.6492    0.6381    0.5134  0.007473  0.004452   0.02061
    79/499     13.9G   0.01596  0.005293   0.01583   0.03708        26       640    0.6862    0.6481    0.6157     0.513  0.007456  0.004287   0.02067
    80/499     13.9G   0.01616  0.005341   0.01591   0.03742        10       640    0.6855     0.514    0.5534    0.4397  0.009534  0.005281   0.02191
    81/499     13.9G   0.01633  0.005497   0.01567    0.0375        19       640    0.6868    0.6106    0.5932    0.4613  0.008776  0.005063   0.02073
    82/499     13.9G   0.01601  0.005175    0.0151   0.03629         9       640      0.73    0.7028    0.6781    0.5588  0.007475  0.004628   0.01972
    83/499     13.9G   0.01632   0.00521    0.0153   0.03683         8       640    0.8513     0.589    0.6692    0.5571  0.007544  0.004615   0.01962
    84/499     13.9G   0.01611  0.005187   0.01502   0.03631        10       640    0.7345    0.6414    0.6346    0.5119   0.00829  0.004904   0.01967
    85/499     13.9G    0.0161  0.005131   0.01472   0.03595        12       640    0.8185    0.6752    0.6927    0.5772  0.007407  0.004427   0.01819
    86/499     13.9G   0.01608  0.005153   0.01474   0.03597        17       640    0.8056    0.6424    0.6692    0.5509  0.007953  0.004787    0.0189
    87/499     13.9G   0.01574  0.005003   0.01441   0.03515        17       640    0.7944    0.7219    0.7136    0.5967  0.007119  0.004415   0.01841
    88/499     13.9G    0.0162  0.005055   0.01459   0.03584        11       640    0.7345    0.6858    0.6498    0.5098   0.00827   0.00531   0.01909
    89/499     13.9G   0.01592  0.004991    0.0144   0.03531        23       640    0.7801    0.6833    0.7153    0.6048  0.007306  0.004788   0.01917
    90/499     13.9G    0.0158  0.004931    0.0142   0.03493        18       640    0.8044    0.7123    0.6947    0.5816   0.00718  0.004713   0.01877
    91/499     13.9G     0.016  0.004955   0.01427   0.03523        13       640     0.831    0.6831    0.7069     0.603  0.007022  0.004728   0.01812
    92/499     13.9G   0.01577  0.004919   0.01394   0.03462        20       640    0.8054    0.7192    0.7046    0.5872  0.007043  0.004588   0.01859
    93/499     13.9G   0.01594  0.005026   0.01384    0.0348        18       640    0.8056    0.7523    0.7126    0.6018    0.0069    0.0044   0.01822
    94/499     13.9G   0.01605  0.004825   0.01349   0.03436        18       640    0.8361    0.6909    0.7372     0.613  0.006834  0.004602    0.0185
    95/499     13.9G   0.01606   0.00487   0.01358   0.03452        22       640    0.8232     0.714    0.7247     0.604   0.00683  0.004795   0.01755
    96/499     13.9G   0.01601  0.004783    0.0133   0.03409        13       640    0.8376    0.6836    0.7316    0.6132  0.006867  0.004779   0.01767
    97/499     13.9G   0.01586  0.004844   0.01329   0.03399        21       640    0.8383    0.7137    0.7417    0.6166  0.007071  0.004822   0.01717
    98/499     13.9G   0.01569  0.004765   0.01348   0.03394        14       640    0.8528    0.7099    0.7459    0.6249  0.006929  0.004682    0.0173
    99/499     13.9G   0.01601  0.004785   0.01317   0.03396        17       640    0.8756    0.7196    0.7534    0.6327  0.006832  0.004824   0.01644
   100/499     13.9G    0.0156   0.00463    0.0128   0.03303        14       640    0.9193    0.7237    0.7757    0.6536  0.007053   0.00509   0.01601
   101/499     13.9G   0.01563  0.004737   0.01298   0.03335        17       640    0.9055    0.7201    0.7705    0.6542  0.006859  0.004851   0.01564
   102/499     13.9G   0.01565  0.004714   0.01284    0.0332        25       640    0.9506    0.7119     0.781    0.6693  0.006695  0.004835   0.01608
   103/499     13.9G   0.01546    0.0047   0.01243   0.03259        13       640    0.9639    0.7445    0.7911    0.6746  0.006714     0.005   0.01461
   104/499     13.9G   0.01553  0.004555   0.01222   0.03231         9       640    0.9615    0.7354    0.7875    0.6836  0.006513  0.004938   0.01513
   105/499     13.9G   0.01577  0.004619   0.01244   0.03283        20       640    0.9431    0.7283    0.7835    0.6798  0.006584  0.004882   0.01512
   106/499     13.9G   0.01561  0.004506   0.01242   0.03254        10       640    0.9446    0.7284    0.7839    0.6875  0.006685  0.005048   0.01453
   107/499     13.9G   0.01551  0.004545   0.01204    0.0321        16       640    0.9601    0.7395    0.7879    0.6882  0.006566  0.004846   0.01447
   108/499     13.9G   0.01582  0.004598   0.01213   0.03255        20       640    0.9495    0.7232    0.7843    0.6862  0.006598   0.00511   0.01467
   109/499     13.9G   0.01578  0.004516   0.01229   0.03259        19       640    0.9448    0.7602    0.8012    0.7069  0.006681  0.005014   0.01433
   110/499     13.9G   0.01568   0.00451   0.01233   0.03252        18       640    0.9514    0.7384       0.8    0.7018  0.006721  0.004943   0.01384
   111/499     13.9G   0.01549  0.004297   0.01162   0.03141        14       640    0.9407    0.7386    0.7849    0.6856  0.006526  0.005241   0.01361
   112/499     13.9G   0.01502  0.004418   0.01176    0.0312        16       640    0.9499    0.7471    0.7899    0.6946  0.006495  0.005201   0.01389
   113/499     13.9G   0.01555   0.00438   0.01182   0.03175        14       640    0.9464    0.7526    0.7918    0.6892  0.006977  0.005253   0.01418
   114/499     13.9G   0.01615  0.004324   0.01187   0.03234        19       640    0.9665     0.757    0.7945    0.7004  0.006457  0.005252   0.01317
   115/499     13.9G   0.01553  0.004353   0.01163   0.03151        26       640    0.9583    0.7356    0.7863    0.6932  0.006568  0.005381    0.0137
   116/499     13.9G   0.01551  0.004369   0.01141   0.03128        14       640    0.9495     0.736    0.7851    0.6846  0.006494  0.005325   0.01384
   117/499     13.9G   0.01582  0.004183   0.01122   0.03123        16       640    0.9703    0.7557    0.7997    0.7048   0.00641  0.005121   0.01288
   118/499     13.9G   0.01564  0.004278   0.01147   0.03139         8       640      0.97    0.7583    0.7939    0.7023  0.006487  0.005403   0.01243
   119/499     13.9G   0.01553  0.004269   0.01104   0.03084        15       640    0.9546    0.7658     0.795    0.7044  0.006491  0.005345   0.01245
   120/499     13.9G   0.01516  0.004194   0.01132   0.03068         8       640    0.9608    0.7606    0.7974    0.7046  0.006409  0.005455    0.0121
   121/499     13.9G   0.01563  0.004248   0.01113   0.03101        15       640    0.9638    0.7589    0.7945    0.7039  0.006392  0.005546   0.01231
   122/499     13.9G   0.01494  0.004248   0.01111    0.0303        14       640    0.9545    0.7552    0.7988    0.7093  0.006335  0.005308   0.01262
   123/499     13.9G   0.01564  0.004226   0.01112   0.03099        13       640    0.9646    0.7643    0.7939    0.7068  0.006391  0.005402    0.0123
   124/499     13.9G   0.01563   0.00426   0.01094   0.03083         8       640    0.9568     0.761    0.8005    0.7106   0.00636  0.005611   0.01257
   125/499     13.9G   0.01529  0.004188   0.01089   0.03036        15       640    0.9679    0.7591    0.7966    0.7047  0.006436  0.005583   0.01212
   126/499     13.9G   0.01551  0.004187   0.01074   0.03044        10       640     0.956    0.7711    0.7933    0.7061  0.006352  0.005473   0.01229
   127/499     13.9G   0.01525  0.004096   0.01079   0.03014        21       640    0.9606    0.7649    0.7948    0.7065  0.006349  0.005641   0.01234
   128/499     13.9G    0.0152  0.004147   0.01051   0.02986        11       640    0.9695    0.7686    0.7997    0.7093  0.006494  0.005647   0.01198
   129/499     13.9G   0.01508  0.004196      0.01   0.02928        16       640    0.9726    0.7668    0.7989    0.7115  0.006307  0.005552   0.01188
   130/499     13.9G   0.01519  0.004145  0.009974   0.02931        12       640    0.7595    0.8628    0.8589    0.7747  0.006298  0.005592    0.0114
   131/499     13.9G    0.0152  0.004078   0.01056   0.02984        29       640    0.9708    0.7668    0.8135    0.7318  0.006325  0.005601   0.01135
   132/499     13.9G   0.01523  0.004148   0.01027   0.02965        15       640    0.9603    0.7767    0.8014     0.716  0.006344  0.005578   0.01141
   133/499     13.9G    0.0148  0.004157   0.01032   0.02927        14       640      0.87    0.8576    0.8591    0.7743  0.006314  0.005631    0.0116
   134/499     13.9G   0.01476  0.004052  0.009326   0.02814        20       640    0.8503    0.8594    0.8584    0.7754  0.006279    0.0056   0.01174
   135/499     13.9G   0.01517  0.004081   0.00939   0.02864        11       640    0.8636    0.8611    0.8606    0.7777  0.006253  0.005643   0.01104
   136/499     13.9G   0.01473  0.004108  0.009961    0.0288         9       640    0.8346    0.8628    0.8593    0.7766   0.00622  0.005657   0.01082
   137/499     13.9G   0.01499  0.004195  0.009718    0.0289        21       640    0.7675    0.8616    0.8278    0.7435  0.006168  0.005869   0.01064
   138/499     13.9G   0.01472  0.004076  0.009525   0.02832        21       640    0.7244    0.8573    0.8108    0.7263  0.006278   0.00593   0.01073
   139/499     13.9G   0.01511    0.0041  0.009317   0.02853        13       640    0.7144    0.8594    0.8062    0.7217  0.006211  0.005894   0.01097
   140/499     13.9G   0.01525  0.003937  0.009361   0.02855        15       640    0.7059    0.8587    0.8056    0.7184   0.00625  0.005823   0.01095
   141/499     13.9G   0.01529  0.004037  0.009531   0.02886        17       640    0.7089    0.8632    0.8156    0.7316   0.00622   0.00581   0.01068
   142/499     13.9G   0.01498  0.004124  0.009758   0.02886        16       640    0.9769    0.7754    0.8165    0.7338  0.006165  0.005721   0.01054
   143/499     13.9G   0.01471   0.00392  0.008896   0.02753        15       640    0.9537    0.7836      0.81    0.7259  0.006127   0.00594   0.01068
   144/499     13.9G   0.01498  0.003935  0.009065   0.02798        10       640    0.8412    0.8622    0.8611    0.7782  0.006126  0.005867   0.01039
   145/499     13.9G   0.01501    0.0041  0.008799   0.02791        15       640    0.8197    0.8622    0.8604    0.7787  0.006128  0.005787   0.01045
   146/499     13.9G   0.01478  0.003991  0.008411   0.02718        14       640     0.754     0.852    0.8254     0.743  0.006118  0.005835   0.01059
   147/499     13.9G   0.01453  0.003938  0.008937    0.0274        19       640    0.9756    0.7681    0.8041    0.7209  0.006107  0.005771   0.01048
   148/499     13.9G    0.0149  0.004055  0.008678   0.02763        18       640    0.9628    0.7833    0.8273    0.7434   0.00609  0.005718   0.01032
   149/499     13.9G   0.01435  0.003906  0.008747     0.027        15       640    0.7172    0.8559    0.8272    0.7433  0.006086   0.00582   0.01026
   150/499     13.9G   0.01485  0.003897  0.008849    0.0276        22       640    0.9652    0.7802    0.8118    0.7278  0.006076  0.005853   0.01016
   151/499     13.9G   0.01493  0.003886   0.00865   0.02746        10       640    0.9642    0.7816    0.8063    0.7229  0.006087  0.005867   0.01003
   152/499     13.9G    0.0147  0.003993  0.008885   0.02758        14       640    0.9632    0.7832    0.7985    0.7135  0.006094  0.005885  0.009991
   153/499     13.9G   0.01463  0.003891  0.008213   0.02673        16       640    0.9633    0.7796    0.7959    0.7113  0.006016  0.005952   0.00987
   154/499     13.9G   0.01433  0.003898  0.008448   0.02667        22       640    0.9711    0.7757    0.7996    0.7167  0.006044  0.005943  0.009796
   155/499     13.9G   0.01468  0.003861  0.008732   0.02727         8       640    0.9777    0.7683     0.812    0.7289  0.006057  0.005917  0.009726
   156/499     13.9G   0.01436  0.003947  0.008512   0.02681        14       640    0.7418    0.8621    0.8284    0.7463  0.006053  0.005965  0.009499
   157/499     13.9G   0.01498  0.003874   0.00837   0.02722        10       640    0.7121    0.8498     0.812     0.729  0.006033  0.005938  0.009408
   158/499     13.9G    0.0148   0.00394  0.008554    0.0273        15       640    0.9694    0.7851    0.8042    0.7213  0.006039  0.005819  0.009234
   159/499     13.9G   0.01445  0.003941  0.008352   0.02675        13       640     0.967     0.785    0.8023    0.7191   0.00605  0.005902  0.009169
   160/499     13.9G   0.01461  0.003753  0.008148   0.02651         7       640    0.9746    0.7777    0.8016    0.7173  0.006008  0.005956  0.009148
   161/499     13.9G   0.01484  0.003829  0.008503   0.02717        19       640    0.9745    0.7801     0.802    0.7193  0.006021  0.005958  0.009084
   162/499     13.9G   0.01466  0.003942  0.008492   0.02709        22       640     0.973    0.7818    0.8039    0.7201  0.006002  0.006005  0.008975
   163/499     13.9G   0.01473  0.003705  0.008647   0.02708        14       640    0.9672     0.784    0.8107    0.7264  0.006013  0.006103  0.008926
   164/499     13.9G   0.01445  0.003701  0.008211   0.02636        11       640     0.789    0.8655    0.8639    0.7813  0.005996  0.006153  0.008927
   165/499     13.9G   0.01407  0.003853  0.008178    0.0261        16       640     0.814    0.8655    0.8642    0.7826  0.005972  0.006156  0.009019
   166/499     13.9G   0.01432  0.003781  0.007932   0.02604        14       640    0.7958    0.8644    0.8643     0.782  0.005994  0.006167  0.008956
   167/499     13.9G   0.01447  0.003796  0.007674   0.02594        15       640    0.8408    0.8655    0.8655    0.7846  0.005953  0.006204  0.008992
   168/499     13.9G   0.01422  0.003694  0.007977   0.02589         7       640    0.7159    0.8655    0.8662    0.7862  0.005924  0.006248  0.008865
   169/499     13.9G   0.01443  0.003826  0.007963   0.02622        30       640    0.9777    0.7805    0.8155    0.7353  0.005931  0.006195  0.008982
   170/499     13.9G   0.01409  0.003849  0.007703   0.02565        20       640    0.7417    0.8655    0.8322    0.7518  0.005947  0.006256  0.008972
   171/499     13.9G   0.01399  0.003758  0.007746   0.02549        13       640    0.7435    0.8644    0.8316    0.7508  0.005928  0.006279  0.008994
   172/499     13.9G   0.01424  0.003721  0.007286   0.02524        13       640     0.744    0.8577     0.832    0.7517  0.005912  0.006286   0.00899
   173/499     13.9G   0.01404  0.003824  0.007869   0.02573         9       640    0.9748    0.7801    0.8147    0.7326  0.005928   0.00631  0.009014
   174/499     13.9G   0.01449  0.003716   0.00781   0.02601        22       640    0.9761    0.7836    0.8114    0.7303  0.005955  0.006261  0.008875
   175/499     13.9G   0.01411  0.003843  0.008002   0.02596        11       640    0.9735    0.7847    0.8149    0.7337  0.005959  0.006231  0.008859
   176/499     13.9G   0.01441  0.003781  0.008109    0.0263        18       640    0.9789    0.7801    0.8148     0.734  0.005983  0.006222  0.008892
   177/499     13.9G   0.01432  0.003776  0.007711   0.02581        17       640     0.978    0.7792    0.8089    0.7283  0.005979  0.006208  0.008881
   178/499     13.9G   0.01423   0.00377  0.007507   0.02551        19       640    0.9801    0.7804    0.8064    0.7282  0.005954  0.006181  0.008838
   179/499     13.9G   0.01368  0.003732  0.007541   0.02496        18       640    0.9765    0.7815    0.8065    0.7274  0.005943  0.006185  0.008819
   180/499     13.9G   0.01463  0.003599  0.007761   0.02599        13       640    0.9749    0.7826    0.8093    0.7295  0.005918  0.006192  0.008856
   181/499     13.9G   0.01417  0.003657  0.007814   0.02564        14       640    0.9777    0.7814    0.8068    0.7264  0.005913  0.006174  0.008816
   182/499     13.9G   0.01409  0.003688   0.00735   0.02513        19       640    0.9761    0.7815    0.8081    0.7291  0.005892  0.006146   0.00889
   183/499     13.9G   0.01408  0.003787  0.007673   0.02554        21       640    0.9804    0.7768    0.8058    0.7278  0.005876  0.006177   0.00885
   184/499     13.9G   0.01382  0.003665  0.007419   0.02491         9       640    0.9803    0.7756    0.8057    0.7267  0.005852  0.006235  0.008888
   185/499     13.9G   0.01385  0.003638  0.006986   0.02447        31       640    0.9778    0.7759    0.8071    0.7285  0.005851   0.00629  0.008868
   186/499     13.9G   0.01377  0.003756  0.007594   0.02512         8       640    0.9755    0.7776     0.808    0.7285  0.005826  0.006314  0.008803
   187/499     13.9G   0.01442  0.003625  0.007262    0.0253        14       640    0.9764    0.7762    0.8144    0.7347  0.005836  0.006321  0.008787
   188/499     13.9G   0.01375   0.00369  0.007248   0.02469        13       640    0.9756    0.7774    0.8122    0.7329  0.005821  0.006316  0.008781
   189/499     13.9G   0.01399  0.003611  0.006907   0.02451        14       640    0.9701    0.7832    0.8168     0.738  0.005801  0.006366  0.008761
   190/499     13.9G   0.01376  0.003618  0.007747   0.02513        12       640    0.9751    0.7776    0.8187    0.7403  0.005789  0.006364  0.008782
   191/499     13.9G   0.01435  0.003591  0.007463    0.0254        18       640    0.7336    0.8632    0.8351    0.7577  0.005776  0.006361   0.00878
   192/499     13.9G   0.01391  0.003644  0.006969   0.02453        17       640    0.9693    0.7891    0.8311    0.7536   0.00577  0.006383  0.008728
   193/499     13.9G   0.01374  0.003631  0.007211   0.02458        17       640     0.969    0.7887    0.8224    0.7446  0.005782  0.006407  0.008682
   194/499     13.9G   0.01352  0.003667  0.007403   0.02459        15       640    0.9729     0.788    0.8167    0.7396  0.005766  0.006399  0.008607
   195/499     13.9G   0.01374  0.003555  0.006917   0.02421        13       640    0.9783    0.7823     0.816    0.7384  0.005761   0.00638  0.008577
   196/499     13.9G   0.01414  0.003607  0.006917   0.02467        15       640    0.7006    0.9299    0.8224    0.7443  0.005745   0.00638  0.008494
   197/499     13.9G   0.01374  0.003699  0.006897   0.02434        25       640    0.9814    0.7805    0.8183    0.7409   0.00575  0.006343  0.008405
   198/499     13.9G   0.01336  0.003546  0.006911   0.02381        12       640    0.9814    0.7817    0.8293    0.7521  0.005753  0.006342  0.008413
   199/499     13.9G   0.01361  0.003559   0.00693   0.02409         9       640    0.7036    0.9299    0.8289     0.752  0.005749   0.00636  0.008419
   200/499     13.9G   0.01367  0.003506  0.006984   0.02416        20       640    0.7138    0.9299     0.829    0.7522  0.005754  0.006397  0.008378
   201/499     13.9G    0.0134  0.003594  0.007066   0.02406         7       640    0.7654    0.8622    0.8516    0.7757  0.005746  0.006401  0.008305
   202/499     13.9G   0.01372  0.003589  0.006576   0.02389        16       640    0.7373    0.9299    0.8556    0.7794  0.005745  0.006418  0.008261
   203/499     13.9G   0.01319    0.0036  0.007042   0.02383        21       640    0.7568    0.9299    0.8621    0.7852  0.005736  0.006413  0.008251
   204/499     13.9G   0.01356  0.003549  0.007231   0.02434        14       640    0.7903    0.9299    0.9064    0.8298  0.005729  0.006436  0.008273
   205/499     13.9G   0.01366  0.003538  0.007025   0.02422        17       640    0.7752    0.9299    0.9062    0.8286  0.005727  0.006452  0.008319
   206/499     13.9G    0.0135  0.003529  0.007089   0.02412        14       640    0.7519    0.9299    0.8951    0.8183  0.005724  0.006429  0.008322
   207/499     13.9G   0.01351  0.003518  0.006653   0.02368        13       640    0.7563    0.9299    0.8948    0.8179  0.005717  0.006455    0.0083
   208/499     13.9G   0.01344  0.003539  0.006512    0.0235        21       640    0.7585    0.9299    0.8611    0.7844   0.00572  0.006471  0.008287
   209/499     13.9G   0.01318  0.003488  0.006495   0.02317        15       640    0.7631    0.9299     0.861    0.7841   0.00571  0.006474  0.008244
   210/499     13.9G   0.01323  0.003583  0.007238   0.02405        11       640    0.7724    0.8602    0.8495    0.7719   0.00571  0.006459  0.008227
   211/499     13.9G   0.01332   0.00342  0.006565    0.0233        19       640    0.7235    0.9299    0.8496     0.774  0.005704  0.006452  0.008223
   212/499     13.9G   0.01342  0.003425  0.006649   0.02349        13       640    0.7244    0.9299    0.8493    0.7722  0.005702  0.006469  0.008217
   213/499     13.9G   0.01337  0.003438  0.006595    0.0234         8       640    0.7665    0.8632    0.8494    0.7732  0.005699  0.006475  0.008189
   214/499     13.9G   0.01359  0.003495  0.006894   0.02398        11       640    0.7473    0.9289    0.8539     0.778  0.005703  0.006486  0.008142
   215/499     13.9G   0.01341  0.003467  0.006611   0.02349        28       640    0.7401    0.9299     0.854    0.7782  0.005698  0.006494  0.008111
   216/499     13.9G   0.01357  0.003552  0.006619   0.02374        14       640    0.7504    0.9299     0.854    0.7782  0.005682   0.00649  0.008132
   217/499     13.9G   0.01329  0.003452  0.006208   0.02295        17       640    0.7442    0.9153    0.8542     0.779  0.005674  0.006487  0.008149
   218/499     13.9G   0.01347   0.00345  0.006071   0.02299        21       640    0.7477    0.9299    0.8542    0.7786  0.005664  0.006501  0.008145
   219/499     13.9G   0.01321  0.003472  0.006335   0.02301        20       640    0.7606    0.9131    0.8611    0.7854  0.005665  0.006494  0.008161
   220/499     13.9G   0.01348   0.00347  0.006268   0.02322        17       640    0.7703    0.9298    0.8613    0.7861  0.005663   0.00649  0.008178
   221/499     13.9G   0.01305  0.003412  0.006802   0.02326        15       640     0.766    0.9118    0.8616    0.7864  0.005663  0.006492  0.008186
   222/499     13.9G   0.01352  0.003448  0.006396   0.02336        23       640    0.7525    0.9299    0.8551    0.7803  0.005669  0.006499  0.008195
   223/499     13.9G   0.01347  0.003391  0.006612   0.02347         7       640    0.7536    0.9299    0.8552    0.7802   0.00567  0.006513  0.008196
   224/499     13.9G   0.01341  0.003412  0.006366   0.02319        18       640    0.7545    0.9251    0.8554    0.7803  0.005669  0.006521    0.0082
   225/499     13.9G   0.01286   0.00333  0.006009    0.0222        11       640    0.7941    0.8632    0.8555    0.7812  0.005661  0.006529  0.008197
   226/499     13.9G   0.01316  0.003436  0.006496   0.02309        15       640    0.7569    0.9299    0.8623     0.788  0.005657  0.006535  0.008222
   227/499     13.9G   0.01339  0.003396  0.006425   0.02321        21       640    0.7662    0.9197    0.8622    0.7881  0.005653  0.006549  0.008222
   228/499     13.9G     0.013  0.003381  0.006134   0.02252        19       640    0.8596    0.8632    0.8846    0.8101   0.00565  0.006558  0.008202
   229/499     13.9G   0.01331  0.003415  0.006188   0.02291        16       640    0.8078    0.8632    0.8848    0.8107  0.005642  0.006562  0.008167
   230/499     13.9G    0.0132  0.003456  0.006207   0.02286         9       640    0.8207    0.8632    0.8846    0.8109  0.005639  0.006573  0.008153
   231/499     13.9G   0.01326  0.003415  0.006177   0.02285        19       640     0.797    0.8632    0.8511    0.7772  0.005634  0.006585  0.008144
   232/499     13.9G   0.01319  0.003443  0.006394   0.02302        22       640    0.7969    0.8632    0.8846    0.8108  0.005635  0.006598   0.00815
   233/499     13.9G   0.01335  0.003514    0.0065   0.02337        16       640    0.7965    0.8632    0.8848     0.811  0.005631  0.006593  0.008167
   234/499     13.9G   0.01331  0.003462  0.006367   0.02314         5       640    0.8885    0.8632     0.885     0.811  0.005626  0.006595  0.008181
   235/499     13.9G   0.01328  0.003324  0.005969   0.02258        18       640    0.8514    0.8632    0.8852    0.8111  0.005625  0.006597  0.008169
   236/499     13.9G   0.01293  0.003285  0.006008   0.02222        10       640    0.8895    0.8632    0.8853    0.8115  0.005625  0.006593  0.008151
   237/499     13.9G   0.01304  0.003415    0.0063   0.02275        17       640    0.8853    0.8632    0.8853    0.8114  0.005623  0.006587  0.008147
   238/499     13.9G   0.01298  0.003444  0.005919   0.02235         7       640    0.9064    0.8632    0.8853    0.8121  0.005619  0.006588  0.008142
   239/499     13.9G   0.01291  0.003463  0.006038   0.02241        18       640    0.8913    0.8632    0.8799    0.8063  0.005622  0.006593  0.008128
   240/499     13.9G   0.01282  0.003338  0.005757   0.02191        13       640    0.8952    0.8632    0.8824    0.8093  0.005621  0.006599  0.008103
   241/499     13.9G   0.01309  0.003361  0.006024   0.02248        10       640     0.898    0.8632    0.8801    0.8069   0.00562  0.006598  0.008123
   242/499     13.9G   0.01275  0.003342  0.006076   0.02217        21       640     0.907    0.8632    0.8803    0.8067  0.005621  0.006603  0.008137
   243/499     13.9G   0.01299  0.003284  0.005828    0.0221        16       640    0.8944    0.8632    0.8828    0.8091   0.00562  0.006606   0.00812
   244/499     13.9G   0.01264  0.003167  0.005323   0.02113        10       640    0.9043    0.8632    0.8829    0.8092  0.005618  0.006619  0.008118
   245/499     13.9G   0.01256  0.003328  0.005784   0.02167        20       640    0.9163    0.8632    0.8806    0.8073  0.005614  0.006627  0.008117
   246/499     13.9G   0.01282  0.003377  0.006319   0.02252        21       640    0.9033    0.8632    0.8778    0.8047  0.005614  0.006627  0.008127
   247/499     13.9G   0.01311  0.003346  0.005655   0.02211        32       640    0.9079    0.8632    0.8774    0.8044  0.005616   0.00663  0.008122
   248/499     13.9G    0.0128  0.003294  0.005541   0.02164        14       640    0.9087    0.8632    0.8752    0.8022  0.005616  0.006631  0.008124
   249/499     13.9G   0.01272  0.003331  0.006178   0.02223        16       640      0.91    0.8632    0.8747    0.8016  0.005616  0.006637  0.008128
   250/499     13.9G   0.01306  0.003328  0.005836   0.02222         9       640    0.9101    0.8632    0.8754     0.802  0.005615  0.006646   0.00814
   251/499     13.9G    0.0128  0.003248  0.005653    0.0217        13       640     0.906    0.8632    0.8756    0.8016  0.005616   0.00666  0.008147
   252/499     13.9G    0.0129  0.003222    0.0059   0.02202        13       640    0.9138    0.8632    0.8759    0.8022  0.005616  0.006665  0.008142
   253/499     13.9G   0.01278  0.003406  0.006097   0.02229         9       640    0.9089    0.8632    0.8762    0.8025  0.005618  0.006666  0.008139
   254/499     13.9G   0.01265   0.00333  0.005784   0.02176         7       640    0.9154    0.8632    0.8772    0.8032  0.005618  0.006668  0.008147
   255/499     13.9G   0.01269  0.003316  0.005623   0.02162        21       640    0.9139    0.8632    0.8775    0.8037  0.005623   0.00667  0.008149
   256/499     13.9G   0.01288  0.003361  0.006366   0.02261        15       640    0.9139    0.8632    0.8781    0.8043  0.005627  0.006671  0.008154
   257/499     13.9G   0.01274  0.003245  0.005759   0.02175        12       640     0.914    0.8632    0.8784    0.8046  0.005627  0.006683  0.008157
   258/499     13.9G   0.01309  0.003364  0.005939   0.02239        18       640    0.9146    0.8632    0.8796    0.8054  0.005629  0.006682  0.008165
   259/499     13.9G   0.01202   0.00325  0.005333    0.0206        20       640    0.9197    0.8632    0.8796    0.8056  0.005632  0.006684  0.008175
   260/499     13.9G   0.01267  0.003245  0.005592   0.02151        30       640    0.9159    0.8632    0.8793    0.8051  0.005631  0.006689  0.008174
   261/499     13.9G   0.01248  0.003266  0.005358    0.0211        18       640    0.9165    0.8632     0.879    0.8046   0.00563  0.006696  0.008169
   262/499     13.9G   0.01274  0.003232  0.005909   0.02188         9       640    0.9181    0.8632    0.8776    0.8034  0.005627  0.006704   0.00817
   263/499     13.9G   0.01265  0.003272  0.005594   0.02152        18       640    0.9133    0.8632    0.8769    0.8028  0.005632  0.006708  0.008165
   264/499     13.9G   0.01264  0.003414  0.006192   0.02225        18       640    0.9214    0.8632    0.8767    0.8024  0.005633  0.006705  0.008157
   265/499     13.9G   0.01258   0.00329  0.005457   0.02133        21       640    0.9224    0.8632    0.8767    0.8022  0.005627  0.006709  0.008144
   266/499     13.9G   0.01297  0.003315    0.0058   0.02208        17       640    0.9107    0.8632    0.8762    0.8015  0.005631  0.006715  0.008143
   267/499     13.9G   0.01239  0.003281   0.00579   0.02146         8       640     0.908    0.8632    0.8778    0.8029  0.005633  0.006718   0.00814
   268/499     13.9G   0.01241  0.003243  0.005599   0.02125        18       640    0.9222    0.8632    0.8774    0.8027  0.005633  0.006723  0.008133
   269/499     13.9G   0.01225  0.003255  0.005722   0.02123        13       640    0.9195    0.8632    0.8788    0.8043  0.005633   0.00673  0.008132
   270/499     13.9G   0.01226  0.003225  0.005256   0.02074        16       640    0.9168    0.8632    0.8788    0.8048  0.005633  0.006732  0.008137
   271/499     13.9G   0.01244   0.00316  0.004941   0.02054        14       640    0.9215    0.8632    0.8798    0.8055  0.005631  0.006734  0.008131
   272/499     13.9G   0.01232   0.00327  0.005424   0.02101        11       640    0.8953    0.8632    0.8798    0.8058  0.005627  0.006738   0.00813
   273/499     13.9G    0.0123  0.003258   0.00537   0.02093        12       640    0.8935    0.8632    0.8798     0.806   0.00563  0.006742   0.00813
   274/499     13.9G   0.01242  0.003138  0.005207   0.02076        13       640    0.9042    0.8632    0.8806    0.8068  0.005628  0.006748  0.008124
   275/499     13.9G   0.01235  0.003202  0.005135   0.02069        12       640    0.9213    0.8632      0.88    0.8063  0.005628  0.006755   0.00812
   276/499     13.9G   0.01182   0.00322  0.005331   0.02037         8       640    0.9098    0.8632    0.8803    0.8066  0.005622  0.006765  0.008126
   277/499     13.9G   0.01225  0.003153  0.004852   0.02026        10       640    0.9091    0.8632    0.8798     0.806  0.005622  0.006771  0.008135
   278/499     13.9G   0.01205   0.00318  0.005385   0.02062        16       640    0.8726    0.8632    0.8794    0.8056  0.005619  0.006775  0.008141
   279/499     13.9G   0.01265  0.003278  0.005742   0.02167        20       640    0.8559    0.8632    0.8791    0.8053  0.005617  0.006774  0.008145
   280/499     13.9G   0.01231  0.003202  0.005299   0.02081         9       640    0.8752    0.8632    0.8791    0.8053  0.005623  0.006779   0.00815
   281/499     13.9G   0.01233  0.003132  0.005356   0.02082        11       640    0.9002    0.8632    0.8788    0.8049  0.005624  0.006783  0.008151
   282/499     13.9G   0.01217  0.003065  0.005225   0.02046        10       640    0.8726    0.8632    0.8788    0.8046  0.005622  0.006791  0.008153
   283/499     13.9G   0.01229  0.003147  0.005079   0.02051        20       640    0.9016    0.8632    0.8786    0.8046  0.005619  0.006794  0.008149
   284/499     13.9G   0.01197  0.003191  0.005619   0.02078         9       640    0.8448    0.8632    0.8786    0.8046  0.005621  0.006797  0.008146
   285/499     13.9G   0.01234   0.00332  0.005864   0.02153        12       640     0.831    0.8632     0.879     0.805  0.005621  0.006799  0.008155
   286/499     13.9G   0.01226  0.003192  0.005363   0.02081        10       640    0.9051    0.8632     0.879    0.8056  0.005623  0.006804  0.008156
   287/499     13.9G   0.01209  0.003166  0.004981   0.02024        10       640    0.8305    0.8632    0.8455     0.772  0.005621  0.006805  0.008152
   288/499     13.9G   0.01213  0.003171  0.004655   0.01996        22       640    0.8305    0.8632    0.8455     0.772  0.005626   0.00681  0.008152
   289/499     13.9G   0.01212  0.003138  0.004904   0.02016        19       640    0.8302    0.8632    0.8458    0.7725  0.005626  0.006813  0.008154
   290/499     13.9G   0.01186  0.003109  0.004834   0.01981        16       640    0.8313    0.8632    0.8457    0.7722  0.005631  0.006816  0.008154
   291/499     13.9G   0.01195  0.003124  0.005029    0.0201        11       640    0.8324    0.8632    0.8464    0.7728  0.005629   0.00682  0.008148
   292/499     13.9G   0.01228  0.003157  0.005158    0.0206        15       640    0.8294    0.8632    0.8468    0.7729  0.005628  0.006822  0.008148
   293/499     13.9G   0.01227  0.003118  0.004873   0.02026        18       640    0.8316    0.8632    0.8468    0.7728  0.005628  0.006829  0.008143
   294/499     13.9G   0.01206   0.00324  0.005261   0.02056        14       640     0.831    0.8632    0.8468    0.7729  0.005629  0.006834  0.008146
   295/499     13.9G   0.01224  0.003206  0.005052    0.0205        11       640    0.8327    0.8632     0.846    0.7724  0.005629  0.006834  0.008142
   296/499     13.9G   0.01246  0.003139  0.004999    0.0206        10       640    0.8342    0.8632    0.8469    0.7731  0.005627  0.006837  0.008131
   297/499     13.9G   0.01214  0.003176  0.005371   0.02069         7       640    0.8356    0.8632    0.8469    0.7733  0.005625  0.006843  0.008125
   298/499     13.9G   0.01175  0.003116  0.005041    0.0199        10       640    0.8357    0.8632    0.8469    0.7736  0.005623  0.006843  0.008123
   299/499     13.9G   0.01201  0.003089  0.005009   0.02011        13       640    0.8357    0.8632    0.8469    0.7734  0.005622  0.006843  0.008123
   300/499     13.9G    0.0116  0.003106  0.004888   0.01959         9       640    0.8366    0.8632    0.8469    0.7732   0.00562  0.006842  0.008123
   301/499     13.9G   0.01193  0.003047   0.00517   0.02015        13       640    0.8367    0.8632    0.8469    0.7734  0.005618  0.006842  0.008121
   302/499     13.9G   0.01168  0.002982  0.004555   0.01922        10       640    0.8353    0.8632    0.8469    0.7733  0.005615  0.006841  0.008115
   303/499     13.9G   0.01166  0.002966  0.004599   0.01922         8       640    0.8375     0.863    0.8469    0.7736  0.005613  0.006838  0.008115
   304/499     13.9G   0.01202  0.003098  0.005123   0.02024        23       640    0.8374    0.8632     0.847    0.7737  0.005611  0.006837  0.008107
   305/499     13.9G   0.01161  0.003114  0.004683   0.01941        13       640    0.8379    0.8632    0.8479    0.7744   0.00561   0.00684  0.008103
   306/499     13.9G   0.01175  0.003101  0.004866   0.01971        12       640    0.8376    0.8632     0.849    0.7754   0.00561  0.006842  0.008097
   307/499     13.9G   0.01175  0.003015  0.004621   0.01938        13       640    0.8376    0.8632     0.849    0.7754  0.005609  0.006841  0.008094
   308/499     13.9G   0.01215  0.003112  0.005238    0.0205        14       640    0.8396    0.8632    0.8502    0.7766  0.005608  0.006841  0.008095
   309/499     13.9G   0.01169  0.003093  0.004736   0.01952         8       640    0.8378    0.8622    0.8515    0.7779  0.005608  0.006841  0.008096
   310/499     13.9G   0.01176  0.003125  0.004777   0.01966        19       640    0.8387    0.8632    0.8515    0.7779  0.005607  0.006843  0.008104
   311/499     13.9G   0.01169  0.003088  0.004822    0.0196        21       640    0.8384    0.8632    0.8515    0.7779  0.005606  0.006845  0.008105
   312/499     13.9G   0.01175  0.002987  0.004663    0.0194        18       640    0.8383    0.8632    0.8515    0.7779  0.005606  0.006847  0.008106
   313/499     13.9G   0.01192  0.003154  0.004515   0.01959        13       640    0.8375    0.8632    0.8515     0.778  0.005607  0.006847  0.008108
   314/499     13.9G   0.01164  0.003153  0.004417   0.01921        22       640    0.8365    0.8632    0.8529    0.7794  0.005608  0.006845   0.00811
   315/499     13.9G   0.01121  0.002994   0.00469   0.01889        19       640     0.837    0.8631     0.853    0.7794  0.005607  0.006847   0.00811
   316/499     13.9G   0.01134  0.003002  0.004761    0.0191        15       640    0.8363    0.8632    0.8529    0.7794  0.005607  0.006847   0.00811
   317/499     13.9G   0.01151   0.00301  0.004458   0.01897        10       640    0.8366    0.8632     0.853    0.7794  0.005607  0.006845  0.008108
   318/499     13.9G   0.01159  0.003036  0.004459   0.01909        23       640    0.8364    0.8632    0.8546    0.7813  0.005607  0.006848   0.00811
   319/499     13.9G   0.01178   0.00304  0.004814   0.01963         9       640    0.8372    0.8632    0.8547    0.7816  0.005614  0.006849   0.00811
   320/499     13.9G   0.01164   0.00305  0.004441   0.01913        23       640    0.8375     0.863    0.8547    0.7817  0.005613   0.00685  0.008113
   321/499     13.9G   0.01137  0.003191  0.005262   0.01982        22       640    0.8369    0.8632    0.8547    0.7816  0.005612  0.006849  0.008111
   322/499     13.9G   0.01141  0.003023  0.005078   0.01951        20       640    0.8367    0.8632    0.8546    0.7815  0.005613   0.00685  0.008118
   323/499     13.9G   0.01127  0.002964  0.004929   0.01917        16       640     0.838    0.8632    0.8546    0.7816  0.005615  0.006853  0.008118
   324/499     13.9G    0.0115  0.002946  0.004575   0.01902        19       640    0.8377    0.8632     0.853    0.7796  0.005615  0.006856  0.008117
   325/499     13.9G   0.01125  0.002971  0.004503   0.01872        15       640    0.8374     0.863    0.8546    0.7815  0.005617  0.006859  0.008113
   326/499     13.9G   0.01178   0.00292  0.004676   0.01938        20       640    0.8384     0.862    0.8546    0.7815  0.005618  0.006861   0.00811
   327/499     13.9G   0.01168   0.00305  0.004874   0.01961        16       640    0.8378    0.8621    0.8546    0.7815  0.005621  0.006861  0.008108
   328/499     13.9G   0.01133  0.002916  0.004571   0.01881        20       640    0.8382    0.8621    0.8546    0.7813  0.005623  0.006857  0.008107
   329/499     13.9G   0.01135   0.00297  0.004629   0.01895        25       640    0.8388    0.8633    0.8547    0.7814  0.005626  0.006855  0.008103
   330/499     13.9G   0.01132  0.003013  0.004373   0.01871        11       640    0.8382    0.8633    0.8548    0.7814  0.005629  0.006857  0.008102
   331/499     13.9G   0.01128  0.003023  0.004358   0.01866         9       640    0.8371    0.8625    0.8548    0.7815  0.005632  0.006853  0.008107
   332/499     13.9G   0.01136  0.002961  0.004497   0.01882        17       640    0.8378    0.8633    0.8548    0.7819  0.005631  0.006855  0.008107
   333/499     13.9G    0.0112  0.002967  0.004413   0.01858        14       640    0.8385    0.8628    0.8548    0.7818  0.005633  0.006853  0.008111
   334/499     13.9G   0.01128  0.002953  0.004197   0.01843        12       640    0.8386    0.8633    0.8548    0.7813  0.005641  0.006851  0.008109
   335/499     13.9G   0.01131  0.003003  0.004145   0.01846        16       640    0.8381    0.8633     0.854    0.7806  0.005643  0.006852  0.008107
   336/499     13.9G   0.01125  0.002946  0.004421   0.01862        19       640    0.8372    0.8633     0.854    0.7804  0.005643  0.006855  0.008102
   337/499     13.9G   0.01125  0.003028  0.004363   0.01864        18       640    0.8399    0.8633     0.854    0.7805  0.005644  0.006857  0.008098
   338/499     13.9G   0.01106  0.002958  0.004055   0.01807        20       640    0.8384    0.8627     0.854    0.7804  0.005646  0.006858  0.008096
   339/499     13.9G   0.01134  0.002908  0.004529   0.01878        13       640    0.8387    0.8633    0.8555    0.7818  0.005649   0.00686  0.008094
   340/499     13.9G   0.01165  0.003045  0.004823   0.01952        11       640    0.8381    0.8633    0.8554    0.7815  0.005651  0.006863  0.008094
   341/499     13.9G   0.01124  0.002968   0.00415   0.01836        14       640    0.8392    0.8633    0.8547     0.781  0.005653  0.006861  0.008092
   342/499     13.9G   0.01159  0.002927  0.004436   0.01895        15       640    0.8391    0.8633    0.8541    0.7804  0.005658  0.006861  0.008095
   343/499     13.9G   0.01113  0.002927  0.004095   0.01815        10       640    0.8392    0.8633    0.8535    0.7796  0.005661  0.006863  0.008093
   344/499     13.9G   0.01078  0.002854  0.003935   0.01757        13       640    0.8386    0.8633    0.8536    0.7797  0.005663  0.006864  0.008089
   345/499     13.9G    0.0109  0.002894  0.004347   0.01814         5       640    0.8379    0.8633    0.8536    0.7799  0.005665  0.006864  0.008089
   346/499     13.9G    0.0112  0.002861   0.00426   0.01832        11       640    0.8397    0.8633    0.8536    0.7796  0.005666  0.006869  0.008086
   347/499     13.9G   0.01129  0.002956  0.004654    0.0189        14       640    0.8389    0.8633    0.8536    0.7799  0.005669  0.006869   0.00809
   348/499     13.9G   0.01139  0.002947  0.004494   0.01883        12       640    0.8389    0.8633    0.8536    0.7801  0.005668  0.006873  0.008091
   349/499     13.9G   0.01113   0.00296  0.004296   0.01838         8       640    0.8371    0.8633    0.8537    0.7798   0.00567   0.00687  0.008095
   350/499     13.9G   0.01125  0.002953  0.004352   0.01855        18       640    0.8353    0.8633    0.8537    0.7801  0.005669   0.00687  0.008099
   351/499     13.9G   0.01094  0.002886  0.004099   0.01793        23       640    0.8366    0.8633    0.8538    0.7801  0.005672  0.006872  0.008098
   352/499     13.9G   0.01118  0.002847  0.004032   0.01806        12       640    0.8355    0.8633    0.8543    0.7806  0.005676  0.006871  0.008098
   353/499     13.9G   0.01116  0.002866  0.004216   0.01824        12       640    0.8349    0.8633    0.8543    0.7806  0.005679  0.006874  0.008098
   354/499     13.9G   0.01118  0.002842    0.0043   0.01832        22       640    0.8342    0.8633    0.8543    0.7805  0.005683  0.006874    0.0081
   355/499     13.9G   0.01086  0.002903  0.004078   0.01784        16       640    0.8371    0.8633    0.8543    0.7802  0.005687  0.006874  0.008104
   356/499     13.9G    0.0111  0.002849  0.003641   0.01759        18       640    0.8368    0.8631    0.8528    0.7787  0.005692  0.006871  0.008109
   357/499     13.9G   0.01073   0.00284  0.003738   0.01731        17       640    0.8367    0.8633    0.8528    0.7787  0.005696   0.00687  0.008105
   358/499     13.9G   0.01096  0.002809  0.004054   0.01783        19       640     0.835    0.8633    0.8528    0.7787  0.005701  0.006873  0.008103
   359/499     13.9G   0.01113  0.002884  0.004094   0.01811        13       640    0.8369    0.8627    0.8528    0.7787  0.005701  0.006871  0.008107
   360/499     13.9G   0.01133  0.002926  0.004026   0.01828        20       640    0.8361    0.8633    0.8522    0.7779  0.005704   0.00687  0.008112
   361/499     13.9G   0.01118  0.002868  0.004334   0.01838        10       640    0.8345    0.8633    0.8527    0.7788  0.005712   0.00687  0.008117
   362/499     13.9G   0.01116  0.002995  0.003946    0.0181        10       640    0.8331    0.8633    0.8527    0.7789  0.005711  0.006872  0.008119
   363/499     13.9G   0.01079  0.002808  0.004112   0.01771        14       640     0.835    0.8633    0.8527    0.7786  0.005713  0.006874  0.008128
   364/499     13.9G   0.01093   0.00272  0.003931   0.01758        13       640     0.833    0.8633    0.8527    0.7787  0.005714  0.006877  0.008132
   365/499     13.9G   0.01115  0.002825   0.00405   0.01803        17       640    0.8333    0.8614    0.8534     0.779  0.005717  0.006879  0.008136
   366/499     13.9G   0.01086  0.002767  0.003767   0.01739        12       640    0.8016    0.8633    0.8422    0.7678  0.005721   0.00688   0.00814
   367/499     13.9G   0.01115  0.002769  0.004018   0.01793        13       640    0.8028    0.8633    0.8406    0.7662  0.005723   0.00688  0.008145
   368/499     13.9G   0.01084  0.002739  0.003845   0.01742        13       640    0.8017    0.8633    0.8406    0.7665  0.005733  0.006881  0.008147
   369/499     13.9G   0.01079  0.002805  0.003776   0.01737        14       640    0.8028    0.8633    0.8406    0.7667  0.005734  0.006883   0.00815
   370/499     13.9G   0.01086  0.002842  0.004206   0.01791        14       640    0.8012    0.8633    0.8406    0.7665  0.005736   0.00689  0.008148
   371/499     13.9G   0.01067  0.002766  0.003923   0.01736        20       640    0.8036    0.8633    0.8406    0.7665  0.005738  0.006895  0.008145
   372/499     13.9G   0.01114  0.002837  0.003852   0.01782        16       640    0.8033    0.8633    0.8406    0.7664  0.005742  0.006897  0.008144
   373/499     13.9G   0.01073  0.002788  0.003987   0.01751        14       640    0.8033    0.8633    0.8406    0.7665  0.005743  0.006898  0.008147
   374/499     13.9G   0.01054  0.002788  0.003779   0.01711        18       640     0.802    0.8633    0.8406    0.7665  0.005745  0.006898  0.008156
   375/499     13.9G   0.01085  0.002789  0.003752   0.01739        13       640    0.8026    0.8633    0.8406    0.7664  0.005748  0.006901  0.008154
   376/499     13.9G   0.01077  0.002791  0.003718   0.01728        18       640    0.8038    0.8633     0.842    0.7678  0.005757  0.006904   0.00816
   377/499     13.9G   0.01071  0.002785  0.003598   0.01709        14       640    0.8039    0.8633     0.842    0.7677  0.005761  0.006903  0.008165
   378/499     13.9G   0.01077  0.002843  0.003893    0.0175        14       640    0.8039    0.8633     0.842    0.7677  0.005761  0.006905  0.008162
   379/499     13.9G   0.01082  0.002842  0.003911   0.01758        21       640    0.8047    0.8633     0.842    0.7676  0.005761  0.006907  0.008167
   380/499     13.9G    0.0106  0.002768  0.003501   0.01686        10       640    0.8044    0.8633     0.842    0.7678  0.005763  0.006906  0.008173
   381/499     13.9G   0.01055  0.002709   0.00359   0.01684        12       640    0.8052    0.8633     0.842     0.768  0.005765  0.006907  0.008174
   382/499     13.9G   0.01058  0.002689  0.003664   0.01693        12       640    0.8045    0.8633    0.8405    0.7664  0.005775  0.006906   0.00818
   383/499     13.9G   0.01105   0.00282   0.00383    0.0177        14       640    0.8035    0.8633     0.842    0.7678   0.00578  0.006906  0.008187
   384/499     13.9G   0.01065  0.002771  0.003486    0.0169        12       640    0.8038    0.8633    0.8419     0.768  0.005786  0.006908  0.008192
   385/499     13.9G   0.01053  0.002821  0.003978   0.01733        13       640    0.8038    0.8627     0.842    0.7683  0.005789  0.006911   0.00819
   386/499     13.9G    0.0103  0.002714  0.003644   0.01666        18       640    0.8036    0.8633    0.8419    0.7682  0.005788  0.006912  0.008188
   387/499     13.9G   0.01042  0.002752  0.003587   0.01676        14       640    0.8047    0.8629    0.8419    0.7683  0.005791  0.006911  0.008192
   388/499     13.9G    0.0104  0.002676   0.00339   0.01646        15       640    0.8049    0.8633    0.8419    0.7682    0.0058  0.006914  0.008196
   389/499     13.9G   0.01081  0.002758  0.003775   0.01734        14       640    0.8043    0.8633    0.8419    0.7681  0.005806  0.006915  0.008198
   390/499     13.9G   0.01058  0.002686   0.00373     0.017        16       640    0.8052    0.8633    0.8419     0.768   0.00581  0.006917  0.008201
   391/499     13.9G   0.01047  0.002783  0.003939    0.0172         8       640    0.8049    0.8633    0.8419    0.7679  0.005811  0.006922  0.008197
   392/499     13.9G   0.01058  0.002975  0.003814   0.01737        17       640    0.8055    0.8633    0.8404    0.7665  0.005813  0.006922    0.0082
   393/499     13.9G   0.01042  0.002709  0.003399   0.01653        13       640    0.8053    0.8633    0.8404    0.7665  0.005815  0.006926  0.008195
   394/499     13.9G   0.01053  0.002634  0.003557   0.01672        15       640    0.8062    0.8633    0.8404    0.7665  0.005821  0.006928  0.008199
   395/499     13.9G    0.0102  0.002675   0.00315   0.01602        19       640    0.8058    0.8633    0.8404    0.7665  0.005827  0.006934  0.008193
   396/499     13.9G    0.0104  0.002655  0.003325   0.01638        15       640     0.807    0.8633    0.8404    0.7663  0.005833  0.006939  0.008187
   397/499     13.9G   0.01061  0.002667  0.003579   0.01686        21       640    0.8066    0.8633    0.8404    0.7661  0.005836  0.006946  0.008184
   398/499     13.9G   0.01045  0.002644  0.003587   0.01668         9       640    0.8077    0.8633    0.8405    0.7662  0.005841  0.006949  0.008187
   399/499     13.9G   0.01086  0.002758    0.0038   0.01741        21       640    0.8086    0.8633    0.8405    0.7662  0.005843  0.006955  0.008181
   400/499     13.9G   0.01051  0.002677  0.003561   0.01675        17       640    0.8083    0.8633    0.8405    0.7664  0.005845  0.006963   0.00817
   401/499     13.9G    0.0104  0.002653  0.003553   0.01661        13       640    0.8088    0.8633    0.8405    0.7661  0.005852  0.006967  0.008168
   402/499     13.9G   0.01046   0.00269  0.003662   0.01681        17       640    0.8093    0.8633    0.8405    0.7664  0.005845  0.006974  0.008155
   403/499     13.9G   0.01038  0.002647  0.003774    0.0168        13       640    0.8089    0.8633    0.8405    0.7663  0.005844  0.006981   0.00815
   404/499     13.9G   0.01061  0.002728  0.003694   0.01703        26       640    0.8095    0.8633    0.8405    0.7663  0.005842  0.006989  0.008139
   405/499     13.9G   0.01055   0.00266  0.003827   0.01704        15       640      0.81    0.8633    0.8405    0.7664  0.005839  0.006992  0.008138
   406/499     13.9G   0.01048  0.002732   0.00326   0.01648        13       640    0.8099    0.8633    0.8405    0.7663  0.005843  0.006999  0.008134
   407/499     13.9G   0.01054  0.002675  0.003581    0.0168        14       640    0.8424    0.8621    0.8516    0.7777  0.005852  0.007002  0.008131
   408/499     13.9G   0.01077  0.002698  0.003816   0.01728        17       640    0.8426    0.8633    0.8517    0.7776  0.005855  0.007009  0.008125
   409/499     13.9G   0.01034   0.00263  0.003415   0.01638        16       640    0.8444    0.8631    0.8517    0.7777  0.005857  0.007013  0.008121
   410/499     13.9G   0.01016  0.002711    0.0032   0.01607        20       640    0.8457    0.8624     0.852    0.7781  0.005857  0.007019  0.008107
   411/499     13.9G    0.0105  0.002611  0.003084   0.01619        17       640    0.8464     0.863     0.852    0.7782   0.00586  0.007026  0.008102
   412/499     13.9G   0.01051  0.002692  0.003319   0.01652        16       640    0.8472    0.8627    0.8521    0.7781  0.005866  0.007029  0.008103
   413/499     13.9G   0.01019  0.002704  0.003631   0.01653        14       640    0.8475    0.8633    0.8521     0.778   0.00587  0.007033  0.008102
   414/499     13.9G   0.01006  0.003038  0.003552   0.01665        18       640    0.8492    0.8633     0.852    0.7781  0.005881  0.007036  0.008098
   415/499     13.9G   0.01019  0.002664  0.003203   0.01606        21       640    0.8463    0.8632    0.8532    0.7793  0.005885  0.007041  0.008093
   416/499     13.9G   0.01009  0.002681  0.003458   0.01623        22       640    0.8476    0.8631    0.8532    0.7793  0.005885  0.007046  0.008094
   417/499     13.9G   0.01038  0.002685  0.003607   0.01667        17       640    0.8483     0.863    0.8532    0.7792  0.005884  0.007051  0.008096
   418/499     13.9G   0.01041  0.002663  0.003395   0.01646        19       640    0.8485    0.8629    0.8533    0.7792  0.005885  0.007061   0.00809
   419/499     13.9G   0.01008  0.002651  0.003275   0.01601        18       640    0.8504    0.8628    0.8533    0.7795  0.005888  0.007068  0.008084
   420/499     13.9G   0.01036  0.002625  0.003274   0.01626        12       640    0.8499    0.8628    0.8533    0.7793  0.005892  0.007075  0.008077
   421/499     13.9G   0.01046  0.002663  0.003458   0.01658        14       640    0.8523    0.8627    0.8533    0.7795  0.005892  0.007083  0.008069
   422/499     13.9G   0.01016  0.002768  0.003528   0.01646        24       640    0.8515    0.8626    0.8533    0.7798  0.005895  0.007086  0.008063
   423/499     13.9G    0.0101    0.0027   0.00345   0.01625        16       640    0.8519    0.8624     0.854    0.7805    0.0059  0.007093  0.008058
   424/499     13.9G   0.01031  0.002645  0.003255   0.01621        14       640    0.8524    0.8621    0.8549    0.7816   0.00591  0.007105  0.008044
   425/499     13.9G    0.0104  0.002652  0.003122   0.01618        13       640    0.8531    0.8617    0.8564    0.7832  0.005913  0.007116  0.008031
   426/499     13.9G   0.01015  0.002646  0.003273   0.01607        14       640    0.8552     0.862    0.8564     0.783  0.005922  0.007124  0.008024
   427/499     13.9G   0.01006  0.002567  0.002987   0.01562         7       640    0.8557    0.8621    0.8574    0.7842  0.005924   0.00713  0.008015
   428/499     13.9G   0.01007  0.002607  0.003151   0.01583         9       640    0.8585    0.8621    0.8592    0.7859  0.005925  0.007137  0.008005
   429/499     13.9G    0.0101  0.002591  0.003372   0.01606        13       640    0.8588     0.862    0.8592    0.7858  0.005924  0.007147  0.007993
   430/499     13.9G   0.01027  0.002545  0.003667   0.01649        11       640    0.8596     0.862    0.8592    0.7857  0.005931  0.007155  0.007981
   431/499     13.9G   0.01033  0.002804  0.004003   0.01714        13       640    0.8594    0.8621    0.8592    0.7857  0.005935  0.007158  0.007984
   432/499     13.9G   0.01014   0.00271   0.00377   0.01661        10       640    0.8595    0.8621    0.8592    0.7857   0.00594  0.007165  0.007978
   433/499     13.9G   0.01006  0.002662  0.003278     0.016        21       640      0.86    0.8621    0.8592    0.7858  0.005938  0.007167  0.007978
   434/499     13.9G  0.009852  0.002656  0.003418   0.01593        12       640    0.8598     0.862    0.8616    0.7881  0.005939   0.00717  0.007974
   435/499     13.9G   0.01018   0.00266  0.003332   0.01618        16       640    0.8596     0.862    0.8616    0.7884  0.005944  0.007175  0.007966
   436/499     13.9G   0.01018  0.002619  0.003224   0.01603        13       640    0.8594    0.8618    0.8616    0.7882  0.005955   0.00718  0.007957
   437/499     13.9G  0.009856  0.002556  0.003059   0.01547        15       640    0.8594    0.8619    0.8616    0.7884  0.005957  0.007185  0.007949
   438/499     13.9G   0.01016  0.002559  0.003034   0.01576        22       640    0.8595    0.8617    0.8616    0.7884  0.005956  0.007191  0.007937
   439/499     13.9G   0.01041  0.002652  0.003349   0.01641        21       640    0.8597    0.8617    0.8616    0.7884  0.005958  0.007197  0.007929
   440/499     13.9G  0.009974  0.002574  0.003425   0.01597        13       640    0.8601     0.861    0.8607    0.7873  0.005964  0.007206  0.007918
   441/499     13.9G   0.01003  0.002641  0.003438   0.01611        18       640    0.8615    0.8613    0.8607    0.7873  0.005965  0.007212   0.00791
   442/499     13.9G   0.01015  0.002562   0.00327   0.01598        16       640    0.8617    0.8611    0.8607    0.7874  0.005961  0.007218  0.007902
   443/499     13.9G   0.01004  0.002582  0.003551   0.01617        12       640    0.8614     0.861    0.8607    0.7872  0.005956  0.007225  0.007892
   444/499     13.9G  0.009946  0.002616  0.003247   0.01581        19       640    0.8623     0.861    0.8607    0.7872  0.005957  0.007232  0.007882
   445/499     13.9G   0.01025  0.002573  0.003384   0.01621        19       640    0.8625     0.861    0.8607    0.7873  0.005956   0.00724  0.007874
   446/499     13.9G   0.01001  0.002549  0.003428   0.01598         5       640    0.8635     0.861    0.8607    0.7872  0.005966  0.007248  0.007869
   447/499     13.9G   0.01011  0.002547  0.003096   0.01576         9       640    0.8639     0.861    0.8617    0.7881  0.005971  0.007254  0.007866
   448/499     13.9G   0.01021  0.002622  0.003322   0.01616         9       640    0.8643     0.861    0.8616    0.7884  0.005972   0.00726  0.007864
   449/499     13.9G   0.01012  0.002545   0.00297   0.01564         9       640    0.8648     0.861    0.8617    0.7886  0.005973  0.007264  0.007858
   450/499     13.9G   0.01011  0.002554  0.003141   0.01581        13       640    0.8645     0.861    0.8617    0.7887  0.005977  0.007268  0.007853
   451/499     13.9G   0.00973  0.002468  0.003067   0.01527        10       640    0.8648     0.861    0.8617    0.7885  0.005974  0.007274  0.007846
   452/499     13.9G   0.01016  0.002569  0.003249   0.01598        18       640    0.8651    0.8608    0.8593    0.7863   0.00598  0.007279  0.007839
   453/499     13.9G  0.009875  0.002509  0.002868   0.01525        13       640    0.8652    0.8607    0.8593     0.786  0.005978   0.00729  0.007829
   454/499     13.9G  0.009988   0.00253  0.003079    0.0156        18       640    0.8655    0.8606    0.8617    0.7885  0.005983    0.0073  0.007816
   455/499     13.9G  0.009993   0.00252  0.003149   0.01566        19       640    0.9266    0.8605    0.8953     0.822  0.005976  0.007307  0.007811
   456/499     13.9G  0.009893  0.002515  0.002968   0.01538        16       640    0.9462    0.8604    0.8953    0.8222  0.005983  0.007318    0.0078
   457/499     13.9G  0.009851  0.002555  0.003039   0.01545         8       640    0.9589    0.8604    0.8953    0.8222  0.005983  0.007326   0.00779
   458/499     13.9G   0.01005  0.002552  0.002956   0.01556        15       640    0.9621    0.8603    0.8953     0.822  0.005979  0.007333  0.007782
   459/499     13.9G   0.01006  0.002592  0.002942   0.01559        12       640    0.9589    0.8603    0.8953    0.8217  0.005972  0.007341  0.007774
   460/499     13.9G   0.01008  0.002512  0.003186   0.01577        24       640    0.9649    0.8598    0.8954    0.8218   0.00597  0.007351  0.007764
   461/499     13.9G    0.0101  0.002451  0.003019   0.01556        22       640    0.9682    0.8598    0.8965    0.8229  0.005971  0.007361  0.007755
   462/499     13.9G   0.01012  0.002472   0.00293   0.01552        15       640    0.9664    0.8598    0.8965    0.8228  0.005978  0.007372  0.007747
   463/499     13.9G   0.01015  0.002487  0.002875   0.01551        14       640     0.967    0.8587    0.8965    0.8228  0.005987   0.00738   0.00774
   464/499     13.9G  0.009692  0.002501  0.003055   0.01525        11       640    0.9686    0.8587    0.8996     0.826  0.005987  0.007385  0.007731
   465/499     13.9G   0.01002  0.002482  0.003158   0.01566        13       640    0.9667    0.8587    0.8996     0.826  0.005988  0.007388  0.007728
   466/499     13.9G  0.009866  0.002542  0.002959   0.01537        17       640    0.9697    0.8587    0.8996    0.8261  0.005988  0.007398  0.007723
   467/499     13.9G  0.009776  0.002466  0.002928   0.01517        13       640    0.9682    0.8587    0.8996    0.8261  0.005992    0.0074  0.007717
   468/499     13.9G   0.01021  0.002543  0.003304   0.01606        14       640    0.9685    0.8587    0.8996    0.8263  0.005985  0.007405  0.007709
   469/499     13.9G  0.009966  0.002485  0.002828   0.01528        12       640    0.9685    0.8587    0.8996    0.8266  0.005981  0.007412  0.007703
   470/499     13.9G   0.01033  0.002548  0.003016   0.01589        14       640    0.9695    0.8587    0.8996    0.8267  0.005981  0.007417  0.007698
   471/499     13.9G  0.009787  0.002464   0.00298   0.01523        13       640    0.9715    0.8587    0.8996    0.8261  0.005988  0.007425  0.007693
   472/499     13.9G   0.01022   0.00256  0.003202   0.01598         7       640    0.9721    0.8587    0.8996    0.8259  0.005987   0.00743  0.007687
   473/499     13.9G  0.009669  0.002482  0.003016   0.01517        19       640    0.9711    0.8587    0.8997     0.826  0.005985  0.007436  0.007679
   474/499     13.9G   0.01014   0.00252  0.003087   0.01575        11       640    0.9725    0.8587    0.8997    0.8262  0.005987  0.007441  0.007675
   475/499     13.9G  0.009672  0.002459  0.002863   0.01499        15       640    0.9727    0.8587    0.8997     0.826  0.005994  0.007446  0.007669
   476/499     13.9G  0.009712  0.002522  0.002901   0.01514        27       640    0.9705    0.8587    0.8997    0.8262  0.006005  0.007454  0.007665
   477/499     13.9G  0.009728  0.002535  0.002803   0.01507        21       640    0.9713    0.8587    0.8997    0.8259  0.006012  0.007459  0.007661
   478/499     13.9G  0.009431  0.002411   0.00248   0.01432        19       640    0.9724    0.8587    0.9041    0.8304  0.006017  0.007464  0.007656
   479/499     13.9G  0.009782  0.002526  0.002781   0.01509        14       640    0.9709    0.8587    0.9041    0.8305  0.006019   0.00747  0.007655
   480/499     13.9G  0.009493  0.002565  0.002867   0.01493        18       640    0.9722    0.8587    0.9107    0.8372  0.006023  0.007475  0.007651
   481/499     13.9G  0.009628   0.00249  0.002926   0.01504        15       640    0.9726    0.8587    0.9107    0.8368  0.006023  0.007482  0.007648
   482/499     13.9G  0.009958  0.002514  0.003118   0.01559        18       640    0.9729    0.8587    0.9119    0.8381  0.006023  0.007493  0.007643
   483/499     13.9G   0.01013  0.002499  0.003087   0.01572        11       640    0.9733    0.8587    0.9119     0.838  0.006035  0.007498   0.00764
   484/499     13.9G  0.009838  0.002499  0.002967    0.0153        25       640    0.9726    0.8587    0.9119    0.8382  0.006039  0.007503  0.007635
   485/499     13.9G   0.00998  0.002536  0.003182    0.0157        12       640    0.9723    0.8587    0.9119     0.838  0.006037  0.007505  0.007631
   486/499     13.9G  0.009509  0.002444  0.002785   0.01474        10       640    0.9726    0.8587    0.9119     0.838  0.006037  0.007513  0.007624
   487/499     13.9G   0.00974  0.002511  0.002863   0.01512        19       640     0.973    0.8587    0.9119    0.8379  0.006038   0.00752  0.007618
   488/499     13.9G  0.009913  0.002472  0.002783   0.01517        11       640    0.9731    0.8587    0.9119    0.8379  0.006041  0.007524  0.007613
   489/499     13.9G  0.009812  0.002485  0.002886   0.01518         6       640    0.9739    0.8587    0.9119    0.8379  0.006048  0.007528  0.007609
   490/499     13.9G  0.009729  0.002474  0.002873   0.01508        15       640    0.9742    0.8587    0.9119    0.8377  0.006065  0.007535  0.007605
   491/499     13.9G  0.009681  0.002464  0.002881   0.01503        12       640    0.9731    0.8587    0.9119    0.8378  0.006068  0.007538  0.007599
   492/499     13.9G  0.009817  0.002488  0.002883   0.01519        15       640     0.974    0.8587    0.9119    0.8378  0.006071  0.007541  0.007594
   493/499     13.9G  0.009551  0.002391  0.002568   0.01451        14       640    0.9745    0.8587    0.9119    0.8377  0.006077  0.007546  0.007591
   494/499     13.9G  0.009825  0.002533  0.002989   0.01535        19       640    0.9747    0.8587    0.9118    0.8377  0.006084   0.00755  0.007585
   495/499     13.9G  0.009681  0.002446  0.002745   0.01487        13       640    0.9752    0.8587    0.9106    0.8363  0.006087  0.007557   0.00758
   496/499     13.9G  0.009511  0.002465  0.002784   0.01476        11       640    0.9743    0.8587    0.9106    0.8366  0.006086  0.007561  0.007575
   497/499     13.9G  0.009665  0.002588  0.003088   0.01534         9       640     0.975    0.8587    0.9106    0.8365   0.00609  0.007566  0.007567
   498/499     13.9G  0.009541  0.002454  0.002751   0.01475         6       640    0.9745    0.8587    0.9106    0.8365  0.006081   0.00757  0.007568
   499/499     13.9G  0.009746  0.002429  0.002671   0.01485        13       640    0.9755    0.8587    0.9106    0.8364  0.006085  0.007577  0.007567
